0	0.5
0.05	0.475614712
0.1	0.452418709
0.15	0.430353988
0.2	0.409365377
0.25	0.389400392
0.3	0.37040911
0.35	0.352344045
0.4	0.335160023
0.45	0.318814076
0.5	0.30326533
0.55	0.288474905
0.6	0.274405818
0.65	0.261022888
0.7	0.248292652
0.75	0.236183276
0.8	0.224664482
0.85	0.213707466
0.9	0.20328483
0.95	0.193370512
1	0.183939721
1.05	0.174968875
1.1	0.166435542
1.15	0.158318385
1.2	0.150597106
1.25	0.143252398
1.3	0.136265897
1.35	0.12962013
1.4	0.123298482
1.45	0.117285144
1.5	0.11156508
1.55	0.106123987
1.6	0.100948259
1.65	0.096024954
1.7	0.091341762
1.75	0.086886972
1.8	0.082649444
1.85	0.078618583
1.9	0.07478431
1.95	0.071137036
2	0.067667642
2.05	0.064367452
2.1	0.061228214
2.15	0.058242079
2.2	0.055401579
2.25	0.052699612
2.3	0.050129422
2.35	0.047684581
2.4	0.045358977
2.45	0.043146793
2.5	0.041042499
2.55	0.039040833
2.6	0.037136789
2.65	0.035325607
2.7	0.033602756
2.75	0.031963931
2.8	0.030405031
2.85	0.02892216
2.9	0.02751161
2.95	0.026169853
3	0.024893534
3.05	0.023679462
3.1	0.022524601
3.15	0.021426063
3.2	0.020381102
3.25	0.019387104
3.3	0.018441584
3.35	0.017542177
3.4	0.016686635
3.45	0.015872818
3.5	0.015098692
3.55	0.01436232
3.6	0.013661861
3.65	0.012995564
3.7	0.012361763
3.75	0.011758873
3.8	0.011185386
3.85	0.010639868
3.9	0.010120956
3.95	0.009627351
4	0.009157819
4.05	0.008711187
4.1	0.008286338
4.15	0.007882208
4.2	0.007497788
4.25	0.007132117
4.3	0.00678428
4.35	0.006453406
4.4	0.00613867
4.45	0.005839283
4.5	0.005554498
4.55	0.005283602
4.6	0.005025918
4.65	0.004780801
4.7	0.004547639
4.75	0.004325848
4.8	0.004114874
4.85	0.003914189
4.9	0.003723292
4.95	0.003541704
5	0.003368973
5.05	0.003204667
5.1	0.003048373
5.15	0.002899702
5.2	0.002758282
5.25	0.002623759
5.3	0.002495797
5.35	0.002374075
5.4	0.00225829
5.45	0.002148152
5.5	0.002043386
5.55	0.001943729
5.6	0.001848932
5.65	0.001758758
5.7	0.001672983
5.75	0.00159139
5.8	0.001513777
5.85	0.00143995
5.9	0.001369722
5.95	0.00130292
6	0.001239376
6.05	0.001178931
6.1	0.001121434
6.15	0.001066741
6.2	0.001014715
6.25	0.000965227
6.3	0.000918152
6.35	0.000873374
6.4	0.000830779
6.45	0.000790261
6.5	0.00075172
6.55	0.000715058
6.6	0.000680184
6.65	0.000647011
6.7	0.000615456
6.75	0.00058544
6.8	0.000556888
6.85	0.000529728
6.9	0.000503893
6.95	0.000479318
7	0.000455941
7.05	0.000433704
7.1	0.000412552
7.15	0.000392432
7.2	0.000373293
7.25	0.000355087
7.3	0.000337769
7.35	0.000321296
7.4	0.000305626
7.45	0.000290721
7.5	0.000276542
7.55	0.000263055
7.6	0.000250226
7.65	0.000238022
7.7	0.000226414
7.75	0.000215371
7.8	0.000204867
7.85	0.000194876
7.9	0.000185372
7.95	0.000176331
8	0.000167731
8.05	0.000159551
8.1	0.00015177
8.15	0.000144368
8.2	0.000137327
8.25	0.000130629
8.3	0.000124258
8.35	0.000118198
8.4	0.000112434
8.45	0.00010695
8.5	0.000101734
8.55	9.67725E-05
8.6	9.20529E-05
8.65	8.75634E-05
8.7	8.32929E-05
8.75	7.92307E-05
8.8	7.53665E-05
8.85	7.16909E-05
8.9	6.81945E-05
8.95	6.48686E-05
9	6.17049E-05
9.05	5.86955E-05
9.1	5.58329E-05
9.15	5.31099E-05
9.2	5.05197E-05
9.25	4.80558E-05
9.3	4.57121E-05
9.35	4.34827E-05
9.4	4.1362E-05
9.45	3.93448E-05
9.5	3.74259E-05
9.55	3.56006E-05
9.6	3.38644E-05
9.65	3.22128E-05
9.7	3.06417E-05
9.75	2.91473E-05
9.8	2.77258E-05
9.85	2.63736E-05
9.9	2.50873E-05
9.95	2.38638E-05
10	2.27E-05
10.05	2.15929E-05
10.1	2.05398E-05
10.15	1.9538E-05
10.2	1.85852E-05
10.25	1.76788E-05
10.3	1.68165E-05
10.35	1.59964E-05
10.4	1.52162E-05
10.45	1.44741E-05
10.5	1.37682E-05
10.55	1.30967E-05
10.6	1.2458E-05
10.65	1.18504E-05
10.7	1.12725E-05
10.75	1.07227E-05
10.8	1.01998E-05
10.85	9.7023E-06
10.9	9.22912E-06
10.95	8.77901E-06
11	8.35085E-06
11.05	7.94357E-06
11.1	7.55616E-06
11.15	7.18764E-06
11.2	6.8371E-06
11.25	6.50365E-06
11.3	6.18646E-06
11.35	5.88474E-06
11.4	5.59774E-06
11.45	5.32474E-06
11.5	5.06505E-06
11.55	4.81802E-06
11.6	4.58304E-06
11.65	4.35953E-06
11.7	4.14691E-06
11.75	3.94466E-06
11.8	3.75228E-06
11.85	3.56928E-06
11.9	3.3952E-06
11.95	3.22962E-06
12	3.07211E-06
12.05	2.92228E-06
12.1	2.77976E-06
12.15	2.64419E-06
12.2	2.51523E-06
12.25	2.39256E-06
12.3	2.27587E-06
12.35	2.16488E-06
12.4	2.05929E-06
12.45	1.95886E-06
12.5	1.86333E-06
12.55	1.77245E-06
12.6	1.68601E-06
12.65	1.60378E-06
12.7	1.52556E-06
12.75	1.45116E-06
12.8	1.38039E-06
12.85	1.31306E-06
12.9	1.24903E-06
12.95	1.18811E-06
13	1.13016E-06
13.05	1.07505E-06
13.1	1.02262E-06
13.15	9.72742E-07
13.2	9.25301E-07
13.25	8.80173E-07
13.3	8.37247E-07
13.35	7.96414E-07
13.4	7.57572E-07
13.45	7.20625E-07
13.5	6.8548E-07
13.55	6.52048E-07
13.6	6.20248E-07
13.65	5.89998E-07
13.7	5.61223E-07
13.75	5.33852E-07
13.8	5.07816E-07
13.85	4.83049E-07
13.9	4.59491E-07
13.95	4.37081E-07
14	4.15764E-07
14.05	3.95487E-07
14.1	3.76199E-07
14.15	3.57852E-07
14.2	3.40399E-07
14.25	3.23798E-07
14.3	3.08006E-07
14.35	2.92984E-07
14.4	2.78695E-07
14.45	2.65103E-07
14.5	2.52174E-07
14.55	2.39875E-07
14.6	2.28176E-07
14.65	2.17048E-07
14.7	2.06462E-07
14.75	1.96393E-07
14.8	1.86815E-07
14.85	1.77704E-07
14.9	1.69037E-07
14.95	1.60793E-07
15	1.52951E-07
15.05	1.45492E-07
15.1	1.38396E-07
15.15	1.31646E-07
15.2	1.25226E-07
15.25	1.19118E-07
15.3	1.13309E-07
15.35	1.07783E-07
15.4	1.02526E-07
15.45	9.7526E-08
15.5	9.27696E-08
15.55	8.82451E-08
15.6	8.39414E-08
15.65	7.98475E-08
15.7	7.59533E-08
15.75	7.2249E-08
15.8	6.87254E-08
15.85	6.53736E-08
15.9	6.21853E-08
15.95	5.91525E-08
16	5.62676E-08
16.05	5.35234E-08
16.1	5.0913E-08
16.15	4.843E-08
16.2	4.6068E-08
16.25	4.38212E-08
16.3	4.16841E-08
16.35	3.96511E-08
16.4	3.77173E-08
16.45	3.58778E-08
16.5	3.4128E-08
16.55	3.24636E-08
16.6	3.08803E-08
16.65	2.93743E-08
16.7	2.79417E-08
16.75	2.65789E-08
16.8	2.52827E-08
16.85	2.40496E-08
16.9	2.28767E-08
16.95	2.1761E-08
17	2.06997E-08
17.05	1.96902E-08
17.1	1.87299E-08
17.15	1.78164E-08
17.2	1.69475E-08
17.25	1.61209E-08
17.3	1.53347E-08
17.35	1.45868E-08
17.4	1.38754E-08
17.45	1.31987E-08
17.5	1.2555E-08
17.55	1.19427E-08
17.6	1.13602E-08
17.65	1.08062E-08
17.7	1.02792E-08
17.75	9.77784E-09
17.8	9.30097E-09
17.85	8.84736E-09
17.9	8.41587E-09
17.95	8.00542E-09
18	7.61499E-09
18.05	7.2436E-09
18.1	6.89033E-09
18.15	6.55428E-09
18.2	6.23463E-09
18.25	5.93056E-09
18.3	5.64132E-09
18.35	5.36619E-09
18.4	5.10448E-09
18.45	4.85553E-09
18.5	4.61872E-09
18.55	4.39347E-09
18.6	4.1792E-09
18.65	3.97537E-09
18.7	3.78149E-09
18.75	3.59707E-09
18.8	3.42164E-09
18.85	3.25476E-09
18.9	3.09602E-09
18.95	2.94503E-09
19	2.8014E-09
19.05	2.66477E-09
19.1	2.53481E-09
19.15	2.41119E-09
19.2	2.29359E-09
19.25	2.18173E-09
19.3	2.07533E-09
19.35	1.97411E-09
19.4	1.87783E-09
19.45	1.78625E-09
19.5	1.69913E-09
19.55	1.61627E-09
19.6	1.53744E-09
19.65	1.46246E-09
19.7	1.39113E-09
19.75	1.32329E-09
19.8	1.25875E-09
19.85	1.19736E-09
19.9	1.13896E-09
19.95	1.08342E-09
20	1.03058E-09
